FOM Report : signed speedup(-)/slowdown(+) for each PM (base vs. RAJA) -> (T_RAJA - T_base) / T_base ) ,  ,  ,  ,  ,  , 
'OVER_TOL' in column to right if RAJA speedup is over tolerance ,  ,  ,  ,  ,  , 
Kernel             , Base_Seq-default  ,         , Base_CUDA-block_64,         , RAJA_CUDA-block_64,        
Apps_INTSC_HEXHEX  , 0                 ,base_ref , 0                 ,base_ref , 0.00085           ,        
                   ,                   ,         ,                   ,         ,                   ,        
Col Min            , 0                 ,         , 0                 ,         , 0.00085           ,        
Col Max            , 0                 ,         , 0                 ,         , 0.00085           ,        
Col Avg            , 0                 ,         , 0                 ,         , 0.00085           ,        
Col Std Dev        , 0                 ,         , 0                 ,         , 0                 ,        
